// 13-1167
104349013
104349020
104349021
// 14-0120
004302403
// 14-0257
100592618
100592627
100666476
100666503
100687181
100702123
100711059
100780651
100780653
// 14-1671
//005365915
//005516893
//005516906
//005516917
//005534700
//005534702
// 14-0840
101000343
101000795
101000996
101001034
101001062
101001064
101001079
101001234
// 16-0006
004999719
004999722
005000700
005000702
005000716
005000718
005007196
005007198
005007200
005007201
// 16-1097
007796711
// 16-1555
004006329
004024652
004628941
004628942
004629142
004629145
004629149
004629673
004629695
004629758
008089374
// 16-1614
//004981403
//004981667
//004981799
//004981805
//004983107
// 17-0410
102991474
// 17-0553
// 17-1602
105916017
105916018
105916019
105916020
105916021
105916022
105916023
105916024
105916025
105916026
105916027
105916028
105916029
105916033
105916034
105916035
105916036
105916037
105916038
105916039
105916040
105916041
105916042
105916043
105916044
105916045
105916046
105916047
105916048
105916049
105916050
105916051
105916052
105916053
105916054
105916055
105916056
105916057
105916058
105916059
105916060
105916061
105916062
105916063
105916064
105916065
105916066
105916067
105916068
105916069
105916070
105916071
105916072
105916073
105916074
105916075
105916076
105916077
105916078
105916079
105916080
105997210
105997211
105997212
105997213
105997214
105997215
105997216
105997217
105997218
105997219
105997220
105997221
105997222
105997223
105997224
105997225
105997226
105997227
105997228
105997229
105997230
105997231
105997232
105997233
105997234
105997235
105997236
105997237
105997238
105997239
105997240
105997241
105997242
105997243
105997244
105997245
105997246
105997247
105997248
105997249
105997250
105997251
105997252
105997253
105997254
105997255
105997256
105997257
105997258
105997259
105997260
105997261
105997262
105997263
105997264
105997265
105997379
105997380
105997381
105997382
105997383
105997384
105997385
105997386
105997387
105997388
105997389
105997390
105997391
105997392
105997393
105997394
105997395
105997396
105997397
105997398
105997399
105997400
105997401
105997402
105997403
105997404
105997405
105997406
105997407
105997408
105997409
105997410
105997411
105997412
105997413
105997414
105997415
105997416
105997417
105997418
105997419
105997420
105997421
105997422
105997423
105997424
105997425
105997426
105997427
105997428
105997429
105997430
105997473
105997474
105997475
105997476
105997477
105997478
105997479
105997480
105997481
105997482
105997483
105997484
105997485
105997486
105997487
105997488
105997489
105997490
105997491
105997492
105997493
105997494
105997495
105997496
105997497
105997498
105997499
105997500
105997501
105997502
105997503
105997504
105997505
105997506
105997507
105997508
105997509
105997510
105997511
105997512
105997513
105997514
105997515
105997516
105997517
105997518
105997519
105997520
105997521
105997522
105997523
105997524
105997525
105997526
105997527
105997528
105997529
105997530
105997531
105997532
105997533
105997534
105997535
105997536
105997537
105997538
105997539
105997540
105997541
105997542
105997543
105997544
105997545
105997546
105997547
105997548
105997549
105997550
105997551
105997552
105997553
105997554
105997555
105997556
105997557
105997558
105997559
105997560
105997561
105997562
105997563
105997564
105997565
105997566
105997567
105997568
105997569
105997570
105997571
105997572
105997573
105997574
105997575
105997576
105997577
105997578
105997579
105997580
105997581
105997582
106056854
106056855
106056856
106056857
106056858
106056859
106056860
106056861
106056862
106056863
106056864
106056865
106056866
106056867
106056868
106056869
106056870
106056871
106056872
106056873
106056874
106056875
106056876
106056877
106056878
106056879
106056880
106056881
106056882
106056883
106056884
106056885
106056886
106056887
106056888
106056889
106056890
106056891
106056892
106056893
106056894
106056895
106056896
106056897
106056898
106056899
106056900
106056901
106056902
106056903
106056904
106056905
106056906
106056907
106056908
106056909
106056910
106056911
106056912
106056913
106056914
106056915
106056916
106056917
106056918
106056919
106056920
106056921
106056922
106056923
106056924
106056925
106056926
106056927
106056928
106056929
106056930
106056931
106056932
106056933
106056934
106056935
106056936
106056937
106056938
106056939
106056940
106056941
106056942
106056943
106056944
106056945
106056946
106056947
106056948
106056949
106056950
106056951
106056952
106056953
106056954
106056955
106056956
106056957
106056958
106056959
106056960
106056961
106056962
106056963
106056964
106123232
106123233
106123234
106123235
106123236
106123237
106123238
106123239
106123240
106123241
// 18-0086
// 008212453
// 008212461
// 008212473
// 008212476
// 008212484
// 008212492
// 008212507
// 008212517
// 008212741
// 008212743
// 008212745
// 008212747
// 008212748
// 008212755
// 008212758
// 008212773
// 008212785
// 008212792
// 18-1017
// 100258302
// 100258309
// 100258318
// 100258319
// 101049195
// 101715612
// 101784642
// 19-0115
// 107089948
// 19-0246
// 008107905
// 008215049
// 008215053
// 008215062
// 19-0560
101592249 
// 19-0732
106073376
// 19-1731
// 107093636
// 19-1931
107080897
// 19-2019
// 107155810
